105
180
255
330
405
630
705
780
840
915
990
1065
1140
1215
1275
1350
1425
1500
1560
1635
1710
1785
1860
1920
1995
2070
2145
2205
2280
2355
2430
2505
2580
2655
2745
2820
2895
2970
3045
3120
3180
3255
3330
3405
3465
3540
3615
3690
3765
3840
3900
3975
4050
4380
4485
4515
4665
4770
4800
4950
5085
5235
5385
5415
5460
5490
5535
5670
5820
5955
6105
6165
6240
6315
6390
6450
6525
6600
6675
6825
6900
6960
7035
7110
7185
7260
7320
7395
7470
7545
7620
7680
7785
7830
7905
7965
8040
8115
8190
8265
8325
8415
8475
8580
8625
8655
8700
8760
8835
8910
8985
9060
9120
9195
9270
9345
9420
9480
9555
9630
9705
9780
9840
9915
9990
10065
10125
10200
10275
10425
10560
10605
10710
10740
10785
10815
