135
165
330
360
540
570
870
900
915
975
1005
1020
1080
1095
1125
1170
1200
1230
1275
1305
1320
1380
1395
1425
1485
1500
1530
1575
1605
1635
1710
1740
1815
1830
1905
1935
2010
2040
2115
2130
2220
2235
2310
2340
2430
2460
2490
2520
2550
2565
2595
2625
2640
2670
2700
2715
2745
2775
2790
2820
2850
2880
2895
2925
2955
2970
3000
3030
3045
3075
3105
3120
3150
3180
3195
3225
3255
3300
3360
3375
3405
3450
3510
3555
3585
3600
3660
3705
3765
3780
3810
3855
3915
3960
3990
4020
4065
4110
4170
4200
4215
4275
4320
4365
4395
4425
4470
4515
4575
4590
4620
4680
4725
4770
4800
4830
4875
4920
4980
5010
5025
5085
5130
5175
5205
5235
5280
5325
5385
5415
5430
5490
5535
5580
5610
5640
5655
5685
5730
5790
5865
5895
5925
5985
