15.600907	15.600907	
16.689342	16.689342	
17.414966	17.414966	
18.321995	18.321995	
19.229025	19.229025	
19.954649	19.954649	
21.043084	21.043084	
21.768707	21.768707	
22.675737	22.675737	
23.582766	23.582766	
24.489796	24.489796	
25.215420	25.215420	
26.122449	26.122449	
27.029478	27.029478	
27.936508	27.936508	
28.662132	28.662132	
29.569161	29.569161	
30.476190	30.476190	
31.383220	31.383220	
32.290249	32.290249	
33.015873	33.015873	
33.922902	33.922902	
34.829932	34.829932	
35.192744	35.192744	
35.736961	35.736961	
36.643991	36.643991	
37.369615	37.369615	
38.276644	38.276644	
39.183673	39.183673	
40.090703	40.090703	
40.816327	40.816327	
41.360544	41.360544	
41.723356	41.723356	
42.267574	42.267574	
42.630385	42.630385	
43.174603	43.174603	
43.900227	43.900227	
44.807256	44.807256	
45.714286	45.714286	
46.439909	46.439909	
47.346939	47.346939	
48.253968	48.253968	
48.798186	48.798186	
49.160998	49.160998	
49.523810	49.523810	
50.068027	50.068027	
50.975057	50.975057	
51.882086	51.882086	
52.607710	52.607710	
53.514739	53.514739	
54.240363	54.240363	
55.147392	55.147392	
55.691610	55.691610	
56.054422	56.054422	
56.598639	56.598639	
57.142857	57.142857	
57.868481	57.868481	
58.775510	58.775510	
59.682540	59.682540	
60.408163	60.408163	
61.315193	61.315193	
62.222222	62.222222	
63.129252	63.129252	
64.036281	64.036281	
64.761905	64.761905	
65.668934	65.668934	
66.575964	66.575964	
67.482993	67.482993	
68.390023	68.390023	
69.115646	69.115646	
70.022676	70.022676	
70.929705	70.929705	
71.836735	71.836735	
72.562358	72.562358	
73.469388	73.469388	
74.376417	74.376417	
75.283447	75.283447	
76.190476	76.190476	
76.916100	76.916100	
77.460317	77.460317	
77.641723	77.641723	
77.823129	77.823129	
78.730159	78.730159	
79.637188	79.637188	
80.544218	80.544218	
80.907029	80.907029	
81.269841	81.269841	
81.451247	81.451247	
82.176871	82.176871	
83.083900	83.083900	
83.446712	83.446712	
83.990930	83.990930	
84.353741	84.353741	
84.897959	84.897959	
85.804989	85.804989	
87.074830	87.074830	
87.437642	87.437642	
88.344671	88.344671	
89.070295	89.070295	
90.521542	90.521542	
90.884354	90.884354	
91.791383	91.791383	
92.698413	92.698413	
93.968254	93.968254	
94.331066	94.331066	
95.238095	95.238095	
96.145125	96.145125	
97.414966	97.414966	
97.777778	97.777778	
98.684807	98.684807	
99.591837	99.591837	
100.861678	100.861678	
101.405896	101.405896	
102.312925	102.312925	
103.038549	103.038549	
104.308390	104.308390	
104.852608	104.852608	
105.759637	105.759637	
106.485261	106.485261	
107.755102	107.755102	
108.299320	108.299320	
109.206349	109.206349	
109.931973	109.931973	
111.201814	111.201814	
111.746032	111.746032	
112.653061	112.653061	
113.378685	113.378685	
114.285714	114.285714	
115.192744	115.192744	
115.736961	115.736961	
116.099773	116.099773	
117.006803	117.006803	
117.913832	117.913832	
118.820862	118.820862	
119.183673	119.183673	
119.546485	119.546485	
120.453515	120.453515	
121.360544	121.360544	
122.267574	122.267574	
122.630385	122.630385	
123.174603	123.174603	
123.900227	123.900227	
124.807256	124.807256	
125.714286	125.714286	
126.077098	126.077098	
126.621315	126.621315	
127.346939	127.346939	
128.253968	128.253968	
129.160998	129.160998	
129.523810	129.523810	
130.068027	130.068027	
130.975057	130.975057	
131.700680	131.700680	
132.607710	132.607710	
133.151927	133.151927	
133.514739	133.514739	
134.421769	134.421769	
135.328798	135.328798	
136.054422	136.054422	
136.598639	136.598639	
136.961451	136.961451	
137.868481	137.868481	
138.775510	138.775510	
139.138322	139.138322	
139.682540	139.682540	
140.045351	140.045351	
140.408163	140.408163	
141.315193	141.315193	
142.222222	142.222222	
143.129252	143.129252	
143.492063	143.492063	
144.036281	144.036281	
144.761905	144.761905	
145.668934	145.668934	
146.575964	146.575964	
146.938776	146.938776	
147.482993	147.482993	
148.390023	148.390023	
149.115646	149.115646	
150.022676	150.022676	
150.566893	150.566893	
150.929705	150.929705	
151.836735	151.836735	
152.562358	152.562358	
153.106576	153.106576	
153.469388	153.469388	
154.013605	154.013605	
154.376417	154.376417	
155.283447	155.283447	
156.190476	156.190476	
157.097506	157.097506	
157.823129	157.823129	
158.730159	158.730159	
159.637188	159.637188	
160.544218	160.544218	
161.451247	161.451247	
162.176871	162.176871	
163.083900	163.083900	
163.990930	163.990930	
164.716553	164.716553	
165.623583	165.623583	
166.530612	166.530612	
167.074830	167.074830	
167.437642	167.437642	
167.800454	167.800454	
168.344671	168.344671	
168.707483	168.707483	
169.251701	169.251701	
169.614512	169.614512	
170.158730	170.158730	
170.521542	170.521542	
170.884354	170.884354	
171.428571	171.428571	
171.791383	171.791383	
172.335601	172.335601	
172.698413	172.698413	
173.061224	173.061224	
173.605442	173.605442	
173.968254	173.968254	
174.331066	174.331066	
174.875283	174.875283	
175.238095	175.238095	
175.782313	175.782313	
176.145125	176.145125	
176.507937	176.507937	
177.052154	177.052154	
177.414966	177.414966	
177.959184	177.959184	
178.321995	178.321995	
178.684807	178.684807	
179.229025	179.229025	
179.591837	179.591837	
179.954649	179.954649	
180.498866	180.498866	
180.861678	180.861678	
181.405896	181.405896	
181.768707	181.768707	
182.312925	182.312925	
183.945578	183.945578	
185.759637	185.759637	
187.392290	187.392290	
189.206349	189.206349	
191.020408	191.020408	
192.653061	192.653061	
194.285714	194.285714	
196.099773	196.099773	
197.913832	197.913832	
199.727891	199.727891	
201.360544	201.360544	
203.174603	203.174603	
204.807256	204.807256	
206.621315	206.621315	
210.068027	210.068027	
210.975057	210.975057	
211.882086	211.882086	
212.789116	212.789116	
213.696145	213.696145	
214.603175	214.603175	
215.510204	215.510204	
216.417234	216.417234	
