936
1001
1044
1099
1153
1197
1262
1306
1360
1414
1469
1512
1567
1621
1676
1719
1774
1828
1882
1937
1980
2035
2089
2111
2144
2198
2242
2296
2351
2405
2448
2481
2503
2536
2557
2590
2634
2688
2742
2786
2840
2895
2927
2949
2971
3004
3058
3112
3156
3210
3254
3308
3341
3363
3395
3428
3472
3526
3580
3624
3678
3733
3787
3842
3885
3940
3994
4048
4103
4146
4201
4255
4310
4353
4408
4462
4517
4571
4614
4647
4658
4669
4723
4778
4832
4854
4876
4887
4930
4985
5006
5039
5061
5093
5148
5224
5246
5300
5344
5431
5453
5507
5561
5638
5659
5714
5768
5844
5866
5921
5975
6051
6084
6138
6182
6258
6291
6345
6389
6465
6497
6552
6595
6672
6704
6759
6802
6857
6911
6944
6965
7020
7074
7129
7151
7172
7227
7281
7336
7357
7390
7434
7488
7542
7564
7597
7640
7695
7749
7771
7804
7858
7902
7956
7989
8010
8065
8119
8163
8195
8217
8272
8326
8348
8380
8402
8424
8478
8533
8587
8609
8642
8685
8740
8794
8816
8848
8903
8946
9001
9034
9055
9110
9153
9186
9208
9240
9262
9317
9371
9425
9469
9523
9578
9632
9687
9730
9785
9839
9882
9937
9991
10024
10046
10068
10100
10122
10155
10176
10209
10231
10253
10285
10307
10340
10361
10383
10416
10438
10459
10492
10514
10546
10568
10590
10623
10644
10677
10699
10721
10753
10775
10797
10829
10851
10884
10906
10938
11036
11145
11243
11352
11461
11559
11657
11765
11874
11983
12081
12190
12288
12397
12604
12658
12712
12767
12821
12876
12930
12985
